numxrays	1
xray1	/home/hatt/Dropbox/github/hatt_media_2016/matlab/../input/simxray1.raw 512            512     0.30990539     0.30990539           1200      318.21959              0              0              0              0              0              0
ct /home/hatt/Dropbox/github/hatt_media_2016/matlab/../input/ct.raw 150 432 146 0.1037 0.1037 0.1037 8 12 8
initialtransform -0.5810491     -4.770428      318.2196     0.5235988      1.308997     0.1371037
raydelta 0.50
keypoints 
77.1456
28.9296
28.9296
125.3616
125.3616
48.216
106.0752
77.1456
28.9296
125.3616
19.2864
135.0048
38.5728
115.7184
38.5728
115.7184
77.1456
77.1456
77.1456
77.1456
77.1456
77.1456
28.9296
125.3616
231.4368
154.2912
67.5024
154.2912
67.5024
19.2864
19.2864
81.9672
192.864
192.864
115.7184
115.7184
260.3664
260.3664
347.1553
347.1553
347.1553
347.1553
260.3664
173.5776
135.0048
96.432
48.216
48.216
67.5024
120.54
120.54
120.54
120.54
77.1456
77.1456
53.0376
77.1456
77.1456
77.1456
77.1456
77.1456
77.1456
67.5024
67.5024
96.432
19.2864
28.9296
28.9296
86.7888
86.7888
77.1456
77.1456
1
1
1
1
1
1
1
1
1
1
1
1
1
1
1
1
1
1
1
1
1
1
1
1
